0.001835500006564
0.0017387999687344
0.0011600999860093
0.0013560999650508
0.0016498999902979
0.00086890003876761
0.00052389997290447
0.00057959998957813
0.00060690002283081
0.00069759995676577
0.00081820000195876
0.0005463000270538
0.00067350000608712
0.0010410000104457
0.0010274000233039
0.00064809998730198
0.00059109996072948
0.0011685999925248
0.0010636000079103
0.00085169996600598
0.00052219995995983
0.00057099998230115
0.0006324999849312
0.00059980002697557
0.0005269999965094
0.00043509999522939
0.0010938999475911
0.0013501000357792
0.0014149000053294
0.00082080002175644
0.0010640000109561
0.00055100000463426
0.00058890000218526
0.00049890001537278
0.00051199999870732
0.00051169999642298
0.00062679999973625
0.00043030001688749
0.00066070002503693
0.00055489997612312
0.00088840001262724
0.00051159999566153
0.00055749999592081
0.00047389999963343
0.0004709999775514
0.00060579995624721
0.00078609999036416
0.0007820000173524
0.00048610003432259
0.00064520002342761
0.00084199995035306
0.0004835999570787
0.00056289997883141
0.00059159996453673
0.00066010002046824
0.00054119998821989
0.001007400045637
0.0014217999996617
0.00084990001050755
0.00078320002648979
0.00061459996504709
0.00054229999659583
0.00053250003838912
0.00044129998423159
0.00054669997189194
0.00074170000152662
0.00060230004601181
0.00089639995712787
0.0005385999684222
0.00068240001564845
0.00055289996089414
0.00091180001618341
0.00048670003889129
0.00051539996638894
0.00076989998342469
0.00075140001717955
0.00074749998748302
0.00071339996065944
0.00063090003095567
0.00068880000617355
0.00049820001004264
0.00080570002319291
0.00047050003195181
0.00067009998019785
0.0006153000285849
0.00058829999761656
0.00044989999150857
0.00076450000051409
0.00045619998127222
0.00065629999153316
0.00044299999717623
0.0005463000270538
0.001106699986849
0.0011526999878697
0.00076670001726598
0.0008139000274241
0.00061650003772229
0.00066810002317652
0.00080320000415668
0.0012272000312805
