
0.013099300005706
0.026980399998138
0.026007199980086
0.022915500012459
0.023513299995102
0.020830800000113
0.020900999981677
0.019603400025517
0.029507000028389
0.025220500014257
0.025008299999172
0.031934800004819
0.01811699999962
0.025843700015685
0.019446300022537
0.022229199996218
0.026390099985292
0.020068000012543
0.027968399983365
0.033971900003962
0.031355299986899
0.029383599990979
0.031064800015884
0.025030399992829
0.019776400004048
0.020804200001294
0.023082500003511
0.024840300000506
0.034049300011247
0.021292799996445
0.028626599989366
0.036659600009443
0.023435699986294
0.01850150001701
0.033813899994129
0.033909799996763
0.027136199991219
0.027389299997594
0.018481000006432
0.032960899989121
0.024895700014895
0.021592000004603
0.017088399996283
0.028419599984773
0.026449700002559
0.021245699987048
0.020153100020252
0.019142499979353
0.02741939999396
0.027895200008061
0.023749499989208
0.025167099985993
0.019106200023089
0.028404100012267
0.019052299991017
0.026857199991355
0.030073900008574
0.022899400006281
0.026800699997693
0.039319300005445
0.022613799985265
0.032195400010096
0.03131379999104
0.017541599983815
0.032280800020089
0.042162099998677
0.023729799984721
0.03295339999022
0.038567700015847
0.021004699985497
0.029074299993226
0.027749999979278
0.019079300021986
0.02061639999738
0.019456099980744
0.025222700001905
0.033420699997805
0.039887999999337
0.024168800009647
0.025147299980745
0.023349700000836
0.024738099979004
0.035054500011029
0.020440299995244
0.018730799987679
0.020384600007674
0.031574299995555
0.020379099994898
0.039169199997559
0.047260599996662
0.020913000014843
0.024473299999954
0.037622000003466
0.021586899994873
0.03652150000562
0.038478500006022
0.024450600001728
0.019714999973075
0.038335900026141
0.023138000018662