
0.009353800007375
0.0011645999911707
0.0019758999987971
0.00043790001654997
0.003368399979081
0.011606300016865
0.00022189997253008
0.0024622000055388
0.00051199999870732
0.00019950000569224
0.0002972999936901
0.0012294999905862
0.0003201000217814
0.00045759999193251
0.0023098999809008
0.00019670001347549
0.00015179999172688
0.00015060001169331
0.00014220000593923
0.00014060002285987
0.0021979000011925
0.00015089998487383
0.00014610000653192
0.0001369999954477
0.0001357999863103
0.00014200000441633
0.00013510001008399
0.00013470000703819
0.00014780001947656
0.00014459999511018
0.00014079999527894
0.00014620000729337
0.00014629997895099
0.00014450002345257
0.0017814000020735
0.00058549997629598
0.00018610002007335
0.00014849999570288
0.0012964999768883
0.0001555000199005
0.0015808999887668
0.00034209998557344
0.00031450000824407
0.0036426000006031
0.0043574000010267
0.015364599996246
0.0038579999818467
0.013037800003076
0.0071797000127845
0.0078708999790251
0.00158760001068
0.0012234000023454
0.0038705999904778
0.0068576000048779
0.0024329999869224
0.00037399999564514
0.0041399000037927
0.0005927000020165
0.00075810000998899
0.0024190999974962
0.0013054000155535
0.00020919999224134
0.00019679998513311
0.00020579999545589
0.00019160000374541
0.00020510001922958
0.00018509998335503
0.00018550001550466
0.00018979999003932
0.00018249999266118
0.00018579998868518
0.0001895000168588
0.00018440000712872
0.00020779998158105
0.0031565999961458
0.003940299997339
0.00040439999429509
0.0012834000226576
0.0032875999750104
0.0077867000072729
0.0011064999853261
0.00090780001482926
0.00015360000543296
0.00018809997709468
0.00014280001050793
0.00033069998607971
0.0017515000072308
0.00014960000407882
0.00014039999223314
0.00014720001490787
0.0001390999823343
0.00014029999147169
0.00014129999908619
0.00014160000137053
0.00014150000060908
0.00014650000957772
0.00013930001296103
0.00013939998461865
0.00014150000060908
0.000136399990879